#       y = userfitf0(Minf)+userfitf1(Minf,M0,T11,c)+userfitf2(Minf,M0,c,T12)
chi2t=0.0250803 CL(8.5,0.0125402)=1

 n.tot.par = 6.00000e+00
      Minf = 8.26440e-01
        M0 =-2.24187e-01
       T11 = 5.39368e-02
         c = 1.00000e+00
       T12 = 1.00000e+00

T=19 chi2[1]=0.0250803 CL(8.5,0.0125402)=1
AA[1]= 1.000e+00
AA[2]= 1.000e+00
AA[3]= 1.000e+00

Covar=
0.0 0.0 0.0 
0.0 0.0 0.0 
0.0 0.0 0.0 




