#       y = userfitf0(t0,S0,P0,E0,I0,Id0,R0,D0,Ned0,NTd0,NT0,Ii0,Iicu0,NDd0,tsim,dsim,tTps12,Tps12,tTps1,Tps1,dps,tTps2,Tps2,dps2,k1,k2,td2,Td2,td3,Td3,kint,tki,kiint,tkki,kiiint,Trint,Trint2,kicu,kiicu,kiiicu,Tricu,tTricu,Tricu2)
chi2t=1.04052e+16 CL(1058,5.20259e+15)=0

 n.tot.par = 4.40000e+01
        t0 = 5.60000e+01
        S0 = 1.02000e+07
        P0 = 0.00000e+00
        E0 = 0.00000e+00
        I0 = 3.00000e+00
       Id0 = 0.00000e+00
        R0 = 0.00000e+00
        D0 = 0.00000e+00
      Ned0 = 0.00000e+00
      NTd0 = 0.00000e+00
       NT0 = 3.00000e+00
       Ii0 = 0.00000e+00
     Iicu0 = 0.00000e+00
      NDd0 = 0.00000e+00
      tsim = 1.00000e+03
      dsim = 2.50000e-01
    tTps12 = 2.44040e+02
     Tps12 = 1.17690e+01
     tTps1 = 2.79380e+02
      Tps1 = 6.22240e-01
       dps = 7.96470e+01
     tTps2 = 3.59030e+02
      Tps2 = 1.30920e-02
      dps2 = 2.51450e+01
        k1 = 9.27980e-01
        k2 = 2.97950e-01
       td2 = 3.44000e+02
       Td2 = 8.27570e+00
       td3 = 3.97620e+02
       Td3 = 5.00000e+01
      kint = 2.96100e-02
       tki = 9.74700e+01
     kiint = 8.49980e-03
      tkki = 3.06640e+02
    kiiint = 5.17600e-03
     Trint = 1.23650e+01
    Trint2 = 7.19220e+00
      kicu = 6.79060e-03
     kiicu = 9.85000e-04
    kiiicu = 7.35000e-04
     Tricu = 1.37070e+01
    tTricu = 3.99700e+02
    Tricu2 = 8.94780e+00

T=1 chi2[1]=5432.23 CL(177.5,2716.11)=0
AA[1]= 1.000e+00

Covar=
0.0 

T=2 chi2[2]=523.288 CL(180,261.644)=3.81943e-08
AA[1]= 1.000e+00

Covar=
0.0 

T=3 chi2[3]=27125.9 CL(172,13563)=0
AA[1]= 1.000e+00

Covar=
0.0 

T=4 chi2[4]=481.096 CL(172.5,240.548)=1.67561e-06
AA[1]= 1.000e+00

Covar=
0.0 

T=5 chi2[5]=1979.24 CL(178.5,989.622)=2.11352e-222
AA[1]= 1.000e+00

Covar=
0.0 

T=6 chi2[6]=1412.01 CL(174,706.005)=6.08282e-128
AA[1]= 1.000e+00

Covar=
0.0 

T=7 chi2[7]=5767.66 CL(0.5,2883.83)=0
AA[1]= 1.000e+00

Covar=
0.0 

T=8 chi2[8]=1.04052e+16 CL(0.5,5.20259e+15)=0
AA[1]= 1.000e+00

Covar=
0.0 

T=9 chi2[9]=1.79325e+07 CL(0.5,8.96624e+06)=0
AA[1]= 1.000e+00

Covar=
0.0 

T=10 chi2[10]=2.36628e+06 CL(0.5,1.18314e+06)=0
AA[1]= 1.000e+00

Covar=
0.0 

T=11 chi2[11]=29631 CL(0.5,14815.5)=0
AA[1]= 1.000e+00

Covar=
0.0 

T=12 chi2[12]=9677.64 CL(0.5,4838.82)=0
AA[1]= 1.000e+00

Covar=
0.0 

T=13 chi2[13]=317.388 CL(0.5,158.694)=5.36938e-71
AA[1]= 1.000e+00

Covar=
0.0 




